11100001010
10100000101
10110100010
11110010110
01100001001
10110100010
00100000100
00100011111
11010010010
10100101111
10101011000
11101010111
10001000111
10101100011
11011000000
10101100100
10101011000
00101001101
00101100010
00101001101
00001110111
11010010010
01100000110
10110100010
01100001001
11110010110
00100000011
11100010001
01110100011
00100000011
00100011111
11010010010
11110010110
10111000001
00111110001
11001010100
11011000000
10111000001
01101010110
10101100011
00111100111
00101001101
00101100010
11011000000
10101010101
00101001101
00001111010
11011000000
10101100011
10101100100
10111000001
01101010110
11111000100
11001010100
11011000000
10111000001
01101010110
11111000100
11011000000
01101100101
01101010110
10101001110
11101010111
00101010100
11111000100
11011000000
00111110001
11101010111
01101100101
00101100010
10101100011
00101001101
00101010100
10101001110
10011010110
11010010010
11100001010
10100000101
10110100010
11110010110
01100001001
10110100010
00100000100
00100011111
11010010010
10110010100
11101010111
01101010110
01101001111
11011000000
00101010100
01101011001
11101100110
00101001101
11011000000
10101100100
10101011000
00101001101
11011000000
00101010011
01101011001
01101010110
01101001111
00001001001
11010010010
01100000110
10110100010
01100001001
11110010110
00100000011
11100010001
01110100011
00100000011
00100011111
11010010010
11100001010
00101001101
00101100010
01101010110
10111000001
00101100010
11111000100
11101010111
00001110111
11010010010
11100001010
10100000101
10110100010
11110010110
01100001001
10110100010
00100000100
00100011111
11010010010
01100010000
00101001101
10011010110
11010010010
01100000110
10110100010
01100001001
11110010110
00100000011
11100010001
01110100011
00100000011
00100011111
11010010010
10100111001
11101010111
01101100101
11011000000
11111000011
11101010111
10101010101
00101001101
11011000000
10101010101
11101010111
10101100011
10101100100
11011000000
11111000011
10111000001
00101100010
00101001101
10101001110
01101100101
00101010100
00101010100
00111110001
11011000000
01101100101
01101101000
11101010111
01101010110
11011000000
00111110001
11101010111
01101100101
00101100010
11011000000
10101011000
11101010111
01101100101
00101100010
10011010110
11010010010
11100001010
10100000101
10110100010
11110010110
01100001001
10110100010
00100000100
00100011111
11010010010
10001000111
01110100100
01101011001
10101100011
11011000000
01101010110
11101010111
00111100111
11011000000
10101100011
10101100100
00101100010
01101100101
11111000011
00101010011
11011000000
10101100100
00111100111
00101001101
00101010100
11101100110
00101001101
10001111011
11011000000
01101001111
00101001101
10101100100
11011000000
10101100100
10101011000
00101001101
00101001101
11011000000
10101100100
11101010111
11011000000
01111000010
00101001101
11111000100
11001010100
11011000000
01100000110
00101100010
10111000001
01101010110
11111000011
01101011001
10101100011
11111000011
11101010111
10011010110
