1110001010
1010000101
1011010010
1110010110
0100001001
1010100010
0100000100
0010001111
1101001010
1010010111
1010101000
1110101011
1000000111
1010110001
1011000000
1010100100
0101011000
0010101101
0011100010
0010100101
0000111011
1101000010
0110000110
1011010000
0110001001
1110010110
0100000011
1110000001
0111010001
0010000011
0010011111
1010010010
1111001010
1011000001
0011110001
1001010100
1111000000
1011100001
0110010110
1101100011
0011110111
0101001101
0010110001
1101100000
1011010101
0010100101
0000111010
1111000000
0101100011
1101100100
1011100000
0111010110
1111000100
1100101010
1101100000
1011100000
0110101010
1111000100
1101100000
0110110010
0101010110
1010100110
1110101011
0010010100
1111000100
1011000000
0011111001
1111010111
0101100101
0001100010
1010110011
0101001101
0001010100
1010001110
1001010110
1101010010
1110001010
1010000101
1011010000
1111010110
0100001001
1011010010
0010000100
0010001111
1100010010
0110010100
1110101011
0101010110
0110101111
1101000000
0010010100
0110011001
1110110010
0010100101
1101000000
0101100100
1010101100
0010101101
1101000000
0010110011
0110101101
0101010110
0110100111
0000100101
1100010010
0110000010
1011010001
0110001001
1111001011
0010000011
1110001000
0111000011
0100000011
0010001111
1101001010
1110001010
0101001101
0010110010
0110101110
1011000001
0010110000
1111100010
1111010111
0000111111
1101010010
1110000110
1010000101
1011010010
1110010110
0110000100
1011000010
0100000100
0010001111
1010010010
0100010000
0001001101
1001101110
1101000010
0110000011
0110100010
0100001001
1111010110
0000000011
1110010001
0111010001
0010000011
0010011111
1101000010
1010011101
1110101111
0110100101
1101000000
1111100001
1110110111
0101010101
0010101101
1101100000
1010101001
1110101111
1010110001
1101100100
1101100000
1111000011
1011100000
0010110000
0010101101
1010100111
0110100101
0010101010
0010101010
0111110001
1101100000
0110110010
0110101000
1111010111
1101010110
1101100000
0011110001
1110101011
0110100101
0010100010
1111000000
0101011000
1110100111
0110110011
0010110000
1001100110
1101010010
1100001010
1010000101
1010100010
1110010110
0110001001
1011010010
0010000100
0000011111
1101001000
1000100011
0111010100
0111011001
1010110011
1011000000
0110101011
1111010111
0011110011
1101100000
1010110011
1101100100
0010100010
0110110101
1111100011
0101010011
1101100000
1010100100
0111100111
0010001101
0101010100
1110110010
0010100101
1001111011
1101100000
0110001111
0101001101
1010110000
1101000000
1010100100
1010011000
0101001101
0001001101
1101100000
1011100100
1111010111
1101100000
0111000010
0101001101
1111100000
1100101100
1011000000
0110000110
0101100010
1011100001
1101010110
1111100011
0110101101
1010110011
1111000011
1110101011
1001101010
